1 81036U          20155.00021000 +.00001103 +00000-0 +21191-2 0  9995
2 81036 065.9744 165.2296 2726692 291.9891 041.4691 09.13100967463902
1 81037U          20155.03476210 +.00000668 +00000+0 +86651-4 0  9994
2 81037  62.2087  14.7910 0216718 232.5503 125.5690 14.76215490909211
1 81052U          20155.84522660 +.00000710 +00000-0 +25602-3 0  9998
2 81052 065.7807 319.1201 0651004 194.5099 163.6459 13.60244378324428
1 81069U          20156.14600409 +.00001107 +00000-0 +19050-2 0  9998
2 81069 100.3024 312.4162 0066749 253.5075 105.8714 13.46088541243436
1 81073U          20155.31069789 +.00004277 +00000+0 +91873-2 0  9994
2 81073  61.6726  13.9461 4684608 165.9027 213.9248  5.82780204482266
1 81078U          20156.19005498 -.00000143 +00000-0 -30815-2 0  9993
2 81078 065.1113 209.3183 0177710 083.4315 312.9776 11.21707148268278
1 81111U          20156.35085299 +.00029552 +00000-0 +11065-2 0  9995
2 81111 062.7423 247.2610 4717900 280.3405 031.5634 06.20031747132682
1 81114U          20156.39260405 +.00045049 +00000-0 +74326-3 0  9995
2 81114 063.0159 160.7393 0032900 019.4426 340.7945 15.51388451322280
1 81122U          20155.40752455 +.00002183 +00000-0 +95426-3 0  9992
2 81122 097.6279 228.7764 0284135 164.1666 196.8622 14.05220884290037
1 81123U 70025    20155.07252007 +.00000014 +00000-0 +63649-4 0  9992
2 81123 099.9802 098.0872 0001726 213.7497 146.3541 13.77306623781522
1 81134U          20156.39272467 +.00000037 +00000-0 +11129-3 0  9998
2 81134 090.2956 314.8926 0025691 263.6351 096.1840 12.92288367202002
1 81161U          20155.27919069 -.00000317 +00000+0 -29100-3 0  9990
2 81161 100.4223 158.7430 0062706 331.0563  28.7109 13.71393891279203
1 81182U          20156.44717239 +.00066109 +00000-0 +43640-2 0  9992
2 81182 051.3454 170.0086 1463610 341.2387 013.9504 12.42132657220846
1 81219U 81053    20156.49631165 +.00000174 +00000-0 +15381-3 0  9990
2 81219 082.9289 077.3838 0022441 125.0137 235.3132 13.79563358329226
1 81221U          20155.01490233 +.00000472 +00000+0 +24029-3 0  9991
2 81221  98.8375  86.2148 0117961  34.5050 326.3710 14.16935496237717
1 81228U          20156.25318705 +.00002603 +00000-0 +12159-2 0  9997
2 81228 070.5334 013.0327 0089509 074.2132 286.8837 14.19227122338525
1 81247U 81053    20156.18635952 +.00004802 +00000-0 +13133-2 0  9999
2 81247 083.2461 075.2035 0033618 081.5700 278.9305 14.46744025343542
1 81254U 70025    20155.16455629 -.00001698 +00000+0 -12698-2 0  9998
2 81254 100.3872 298.6374 0070317 313.0421  46.4858 13.91612919331435
1 81264U          20156.43448435 +.00000553 +00000-0 +12271-3 0  9999
2 81264 099.4120 054.0430 0106778 329.9910 029.5193 14.58699925314146
1 81279U          20155.28644383 +.00000158 +00000-0 +81708-4 0  9990
2 81279 098.0834 003.4772 0224643 140.1758 221.6147 14.13595579177008
1 81301U          20155.11472285 +.00000032 +00000-0 +10752-3 0  9999
2 81301 066.7606 070.0633 0086603 152.0156 270.5071 13.75362573837022
1 81311U 90105    20155.63085740 -.00000002 +00000+0 +11528-4 0  9998
2 81311  98.6840  90.3831 0139536 142.0860 342.0218 14.52962851346290
1 81317U 80089    20156.12109130 -.00000125 +00000-0 -10144-3 0  9999
2 81317 067.1382 294.4171 0216683 000.2361 175.0318 13.37055731857735
1 81323U          20156.30327815 +.00000571 +00000-0 +13785-3 0  9990
2 81323 065.7782 358.9970 0515803 273.5253 080.6990 14.02334731827843
1 81329U          20138.75314609 +.00000569 +00000-0 +23360-3 0  9999
2 81329 065.8307 055.8145 0883121 223.7048 163.1909 13.12643571835795
1 81338U          20155.75964458 +.00020332 +00000-0 +11111-2 0  9991
2 81338 074.0306 064.7192 0012439 226.0560 133.9609 15.14183474258996
1 81341U          20154.49140160 +.00000174 +00000-0 +56003-3 0  9993
2 81341 099.6138 343.2842 0425469 019.6771 342.0205 12.87424739804625
1 81342U          20147.62025914 +.00000574 +00000+0 +36134-3 0  9996
2 81342  70.9000 226.6168 0163333 140.8720 220.4343 14.02053475332599
1 81343U          20156.34674294 +.00000311 +00000-0 +33187-4 0  9993
2 81343 085.8793 174.2271 0009862 204.9320 155.1428 14.84962387153861
1 81357U          20155.99153765 +.00000792 +00000-0 +83691-4 0  9991
2 81357 097.5369 073.2399 0201998 261.7624 096.0636 14.78356283235798
1 81358U          20129.89665763 -.00002820 +00000-0 -19036+0 0  9991
2 81358 062.6509 291.0463 1006721 108.1709 263.1239 09.85009332597100
1 81359U          20155.76197327 +.00000286 +00000-0 +35343-3 0  9998
2 81359 066.7987 181.4746 0132967 260.2702 098.3330 13.75009192327778
1 81366U          20154.67406736 +.00000071 +00000+0 +57581-4 0  9992
2 81366  65.8824 138.2136 0751211 327.0733  28.5555 13.38822284795502
1 81371U          20154.05233944 +.00000192 +00000-0 +51812-4 0  9995
2 81371 098.8113 081.3285 0089618 080.1048 281.0251 14.57384951927602
1 81374U          20154.25184221 +.00001122 +00000-0 +42466-3 0  9991
2 81374 065.7308 099.6397 0035767 150.5766 209.7350 14.34854127745398
1 81380U          20155.72035255 +.00001371 +00000+0 +47023-3 0  9992
2 81380  99.8608 312.3426 0006188 140.9233 219.2397 14.38147792327346
1 81386U          20154.68925096 +.00000670 +00000+0 +33815-3 0  9998
2 81386  71.0566 316.3745 0121379 332.5792  26.8959 14.16103837337181
1 81390U          20155.99333879 -.00000413 +00000-0 -27999-2 0  9993
2 81390 103.0918 245.2271 0176505 071.1306 290.8798 12.33869882251023
1 81391U          20150.37669340 +.00000970 +00000-0 +44213-3 0  9991
2 81391 081.2105 173.9993 0015916 186.7666 173.3298 14.20895116292861
1 81392U          20155.66804119 +.00000569 +00000-0 +72788-3 0  9996
2 81392 100.4111 305.0675 0050887 074.3520 296.7741 13.67550510849053
1 81402U          20154.50165787 +.00001752 +00000+0 +75414-3 0  9994
2 81402  98.7475 172.1011 0003963 219.8326 140.2564 14.25902071157176
1 81405U          20151.18291250 +.00000418 +00000-0 +38310-3 0  9996
2 81405 099.5359 140.7912 0169510 182.1714 177.8722 13.82509096293810
1 81406U          20155.22864121 -.00000224 +00000-0 -61604-4 0  9999
2 81406 065.8154 338.1459 0884859 129.1617 239.1489 13.04569092788741
1 81409U 87068    20155.59724023 +.00001547 +00000-0 +58212-3 0  9994
2 81409 082.6660 104.0658 0065031 095.2151 265.6460 14.29788188900727
1 81418U          20156.27133682 +.00000283 +00000-0 +65129-3 0  9997
2 81418 100.3192 281.5793 0058506 057.3728 303.3024 13.34540565129699
1 81425U          20154.72436125 +.00001642 +00000-0 +20584-2 0  9996
2 81425 099.4205 251.7850 0080501 258.8119 100.3967 13.64377670799798
1 81427U          20156.00527117 -.00000048 +00000-0 -21600-5 0  9997
2 81427 098.8950 065.2611 0087076 283.5419 075.6058 14.03127067268541
1 81438U          20154.33801289 +.00000652 +00000-0 +11696-2 0  9998
2 81438 100.2846 299.1670 0063515 287.6356 071.7844 13.45305878325823
1 81439U          20156.08851543 -.00000033 +00000-0 +53008-4 0  9990
2 81439 067.1631 077.1056 0606390 005.1448 355.5430 12.61236174850958
1 81449U 85042    20155.86386697 +.00001241 +00000-0 +46004-3 0  9996
2 81449 066.8066 010.8054 0061777 245.1041 114.3631 14.34481650956952
1 81478U          20156.43375201 +.00000401 +00000-0 +20492-3 0  9992
2 81478 099.1243 005.7106 0172276 345.5246 132.0530 14.13916749336956
1 81488U 75052    20156.28418005 +.00000043 +00000-0 +12915-3 0  9998
2 81488 100.0842 316.0668 0043960 309.7153 170.5108 13.55381040323242
1 81497U          20156.49477192 +.00000796 +00000-0 +10163-2 0  9991
2 81497 100.3027 231.9633 0030766 071.4070 306.1011 13.66517006939572
1 81499U          20155.93680558 +.00000306 +00000-0 +11438-3 0  9997
2 81499 074.0543 342.2923 0003056 158.8229 201.3050 14.35975021192088
1 81509U          20155.81611224 +.00005014 +00000-0 +12534-2 0  9998
2 81509 098.8560 290.8765 0020362 274.9543 084.9326 14.51858817170979
1 81521U          20156.38766296 +.00002187 +00000-0 +46586-3 0  9998
2 81521 099.6988 212.2234 0012928 071.1486 351.2243 14.60208375346079
1 81535U          20153.94722403 +.00000223 +00000-0 +11738-3 0  9994
2 81535 098.1761 036.7198 0251554 201.6765 157.3609 14.07304244102912
1 81536U 73086    20155.72398902 +.00000208 +00000-0 +15901-2 0  9998
2 81536 102.0066 320.7109 0041892 164.0630 209.7589 12.53719605865745
1 81537U 93016    20154.69995998 +.00000162 +00000+0 +12442-3 0  9993
2 81537  71.0395 319.2250 0080081 309.8250  49.5838 14.05552393336654
1 81545U          20155.56596327 +.00040897 +00000-0 +79702-2 0  9994
2 81545 099.2916 020.8133 0059650 009.5206 350.7107 14.61704544132370
1 81546U          20154.50533231 +.00001283 +00000+0 +16003-3 0  9994
2 81546  66.8049 188.5829 0022797 233.0401 126.8640 14.85966161829159
1 81552U          20155.96775544 +.00000460 +00000-0 +10925-2 0  9990
2 81552 099.0328 341.7549 0269706 165.0252 195.9052 13.15360271907284
1 81564U          20137.98645077 +.00001677 +00000-0 +75098-3 0  9996
2 81564 081.1854 235.4020 0041646 144.6827 215.7123 14.21712407275747
1 81569U 95015    20156.18346603 +.00000090 +00000-0 +15453-3 0  9994
2 81569 028.0747 118.3045 0317958 072.0418 291.4489 12.46219726300972
1 81579U          20156.03204186 +.00002641 +00000-0 +17966-2 0  9992
2 81579 100.1536 076.6510 0225867 165.6715 195.0988 13.89413988918411
1 81599U          20156.42754030 -.00000064 +00000-0 -55300-5 0  9991
2 81599 067.2949 312.4347 0251894 089.4492 304.2307 13.28831316316858
1 81614U 76077    20155.68914681 +.00011143 +00000-0 +79698-1 0  9993
2 81614 101.1703 243.7130 0449880 234.2196 121.6245 12.18729499290751
1 81615U 92021    20154.40015829 -.00000071 +00000+0 +81880-5 0  9994
2 81615  65.8317  31.4355 0829174 339.2870  17.6301 13.22872552315034
1 81617U 73086    20154.38215161 -.00000037 +00000-0 +35555-4 0  9994
2 81617 101.3639 027.2543 0035556 267.2235 092.4770 12.56137479828453
1 81624U          20154.57650304 -.00000041 +00000+0 +13557-4 0  9993
2 81624  66.9898 218.4141 0084096  88.3969 272.6773 14.51004929345618
1 81626U          20156.17099274 +.00004978 +00000-0 +12513-2 0  9998
2 81626 071.0101 082.7200 0008449 275.1401 084.8776 14.51687716333497
1 81634U          20156.21934112 +.00103869 +00000-0 +47793-2 0  9998
2 81634 051.7610 102.8797 1325763 074.7324 299.5927 12.78239640274077
1 81640U          20155.97119719 +.00000080 +00000-0 +12627-3 0  9995
2 81640 065.8250 289.0144 0992463 174.8585 186.3596 12.55379468256670
1 81652U 76077    20154.96603382 +.00000176 +00000-0 +27676-3 0  9993
2 81652 102.1753 323.1377 0383407 175.7551 339.2151 13.41195571872261
1 81661U          20154.49468639 +.00001291 +00000+0 +38247-3 0  9992
2 81661  98.4332  67.2350 0068656 230.4169 129.0946 14.43710304242299
1 81667U          20156.42814512 +.00000323 +00000-0 +11742-3 0  9995
2 81667 074.0432 165.2395 0020313 245.7603 114.1428 14.37108049166176
1 81674U          20155.27376363 +.00000103 +00000+0 +11271-3 0  9994
2 81674  66.8260  18.5367 0036477 248.7395 230.0476 14.04858949329841
1 81678U          20155.70400641 +.00001050 +00000+0 +17457-3 0  9997
2 81678  65.8328 256.4059 0042528  85.9046 348.0440 14.74312311349048
1 81683U          20156.18828272 +.00000382 +00000-0 +10843-3 0  9990
2 81683 081.2237 228.9792 0029475 248.2129 111.5923 14.43500255343950
1 81696U          20155.83548671 +.00001247 +00000-0 +12930-3 0  9997
2 81696 097.4040 117.8370 0225594 082.3433 280.3334 14.74616385213669
1 81721U          20156.22905322 +.00007274 +00000-0 +19122-2 0  9995
2 81721 098.1408 254.6534 0367806 181.6525 178.3465 14.15969463244695
1 81732U          20155.42873021 +.00001659 +00000-0 +20186-3 0  9992
2 81732 065.7353 170.5050 0287087 223.6606 134.1470 14.61615818933182
1 81745U          20155.77034458 +.00000277 +00000-0 +12657-3 0  9996
2 81745 071.0045 072.7471 0005825 134.7809 256.9832 14.29880962340623
1 81766U          20142.48412299 +.00001017 +00000-0 +50439-3 0  9999
2 81766 081.2063 202.4331 0004789 321.2622 038.8208 14.16540156271429
1 81775U          20155.43132651 +.00000400 +00000-0 +18268-3 0  9998
2 81775 082.9300 054.7771 0023564 237.2559 122.6351 14.19184893913265
1 81779U          20154.48687074 -.00004103 +00000-0 -81485-1 0  9995
2 81779 053.9659 333.9138 2072732 049.0065 327.2349 09.22552263293288
1 81792U          20155.62812934 +.00000074 +00000+0 +62565-4 0  9993
2 81792  65.8280 274.1999 0908567  94.8151 275.7092 13.03932733311564
1 81794U          20154.12583828 +.00000720 +00000-0 +10350-3 0  9999
2 81794 081.1878 097.4640 0005280 045.9360 314.2281 14.75449411910096
1 81795U          20154.92763667 +.00055688 +00000-0 +31165-2 0  9998
2 81795 006.3450 324.7635 1678368 080.6583 297.8653 12.00152347201186
1 81798U          20156.54856240 +.00002391 +00000-0 +60952-3 0  9991
2 81798 074.0179 334.2557 0046239 177.2684 182.8738 14.50504975293563
1 81812U          20156.36319191 -.00002679 +00000-0 -19159-1 0  9999
2 81812 103.4968 191.9350 0326059 049.4766 313.4209 12.28432488803568
1 81813U          20154.19402492 +.00000477 +00000+0 +15555-3 0  9995
2 81813  99.0634 301.4886 0017946   6.7664 353.3763 14.43483749343388
1 81816U 77121    20156.28582964 +.00000493 +00000-0 +44891-3 0  9995
2 81816 066.2385 253.1925 0193093 336.4910 022.7420 13.83603843329846
1 81817U          20156.32135010 +.00001600 +00000-0 +19207-3 0  9993
2 81817 065.7270 111.0099 0322501 357.3627 002.5759 14.56680637349674
1 81818U          20154.30876302 +.00000208 +00000-0 +72789-4 0  9994
2 81818 065.7547 102.8477 0669626 140.4536 224.7419 13.69374129852985
1 81819U          20155.32027160 +.00000320 +00000+0 +25868-2 0  9996
2 81819 102.2813 197.5965 0031731 269.1401  90.6029 12.44624532296631
1 81821U          20137.53787650 +.00013876 -33984-6 +18960-3 0  9990
2 81821 034.0790 089.4740 2295637 196.2581 155.0282 10.91923723336702
1 81824U          20155.97310255 +.00000361 +00000-0 +22093-3 0  9997
2 81824 065.8506 332.1325 0054382 331.4874 028.3237 14.17016949337556
1 81833U          20154.86308033 +.00000041 +00000+0 +12457-3 0  9992
2 81833  90.2918 314.9205 0025440 260.5937  99.2304 12.92960799191579
1 81838U          20156.07441375 +.00000471 +00000-0 +18466-3 0  9993
2 81838 067.7693 020.0419 0027404 140.4683 017.5440 14.36814344342296
1 81844U          20155.53851272 +.00000918 +00000+0 +45834-3 0  9995
2 81844  82.9245  98.8903 0085495  92.6993 268.3974 14.13935368336502
1 81845U          20155.90429426 +.00000147 +00000-0 +27658-4 0  9999
2 81845 097.8839 029.7514 0105623 017.8793 354.6965 14.74925557959899
1 81864U          20155.12831584 +.00000063 +00000+0 +61092-4 0  9992
2 81864  65.6753  69.5391 0790295 161.8280 201.2809 13.25680312282827
1 81865U 87062    20155.90669678 +.00000338 +00000-0 +29612-3 0  9992
2 81865 082.8063 135.8933 0068872 302.8639 084.5587 13.82074014329417
1 81872U          20156.16891744 +.00024433 +00000-0 +18235-2 0  9997
2 81872 062.0257 012.8219 2073563 172.9733 190.5845 11.14233749111371
1 81873U          20155.78451510 +.00000748 +00000-0 +45495-3 0  9990
2 81873 099.1352 180.2579 0072552 000.4054 359.7162 14.08111199284602
1 81893U 70025    20155.82061472 +.00000275 +00000-0 +35507-3 0  9993
2 81893 100.0244 024.3450 0018758 050.3579 309.9218 13.72198991010607
1 81899U          20155.67791175 -.00000361 +00000+0 -73970-3 0  9991
2 81899 102.4352 236.2242 0184800 133.9720 227.6791 13.15321130313260
1 81902U          20156.11368900 +.00003531 +00000-0 +51521-3 0  9991
2 81902 081.6337 100.4762 0301906 353.1180 006.5905 14.49014864921806
1 81905U          20153.70775058 +.00012254 +00000-0 +69474-3 0  9990
2 81905 061.7843 058.1771 1752110 294.0705 048.6924 11.85398909423675
1 81921U          20154.07930185 +.00000214 +00000-0 +11767-3 0  9998
2 81921 065.7092 277.8532 0895813 249.5320 100.7402 13.06974119764074
1 81946U 87079    20156.48347360 -.00000191 +00000-0 -44274-3 0  9995
2 81946 066.4243 069.0159 0678716 246.3292 297.5092 12.41855740297333
1 81947U          20155.60241060 +.00000213 +00000+0 +40395-4 0  9991
2 81947  66.0826 269.7105 0474581 276.9085  77.8261 14.30775450340885
1 81964U          20155.57324162 -.00000001 +00000-0 +58061-4 0  9997
2 81964 066.5848 222.9978 0040563 328.5802 031.2854 13.94358230874518
1 81969U          20155.33632577 +.00000338 +00000+0 +36217-4 0  9998
2 81969  86.6676 288.6234 0011477 172.0797 188.0610 14.85213538139209
1 81995U          20155.59361493 +.00000537 +00000-0 +14687-3 0  9999
2 81995 065.7550 234.2215 0605245 207.8231 148.9219 13.81486969828250
1 82025U          20155.36057263 +.00008140 +00000+0 +10395-2 0  9994
2 82025  74.0304 138.4936 0008956 307.5996  52.4367 14.81545377295781
1 82039U          20155.86169628 +.00001356 +00000-0 +33899-3 0  9991
2 82039 099.0669 117.9848 0048232 062.1127 298.4939 14.52665761263197
1 82043U          20154.64800941 +.00000125 +00000+0 +54539-4 0  9998
2 82043  97.9653 104.0505 0261711 324.4436  33.9545 14.22047768286249
1 82044U          20154.53766949 +.00000384 +00000-0 +45433-3 0  9996
2 82044 099.9805 180.2063 0069071 075.6143 285.2658 13.73723732812699
1 82051U          20155.42512063 +.00000530 +00000+0 +26616-3 0  9993
2 82051  98.8755 213.2862 0116378 328.6947  30.7333 14.17374861285364
1 82073U          20156.58991014 +.00000222 +00000-0 +81797-4 0  9993
2 82073 097.7622 068.4095 0241982 242.1971 115.4496 14.26111446286825
1 82110U          20138.73512999 +.00005727 +00000+0 +10225-2 0  9993
2 82110  51.5890  42.5915 1862034 296.9928  45.2870 11.39505634195386
1 82112U          20156.16564272 +.00000926 +00000-0 +27463-3 0  9993
2 82112 098.6582 237.2628 0099433 291.7744 067.2887 14.43030610289791
1 82139U          20156.52562603 +.00000276 +00000-0 +19081-3 0  9993
2 82139 099.1747 178.2532 0090880 282.9999 076.1033 14.05609609196076
1 82162U          20155.73710773 +.00000574 +00000-0 +11003-2 0  9990
2 82162 100.4098 337.4619 0058271 038.2454 322.2785 13.41729921232886
1 82168U          20156.32415923 +.00002798 +00000-0 +46170-3 0  9995
2 82168 074.0109 149.4002 0010670 326.0724 033.9764 14.70905378191654
1 82180U          20155.80932987 +.00000917 +00000-0 +23416-3 0  9994
2 82180 065.6623 305.1417 0474374 134.1002 230.0152 14.04441063315571
1 82187U          20155.41618509 +.00001974 +00000-0 +40362-3 0  9992
2 82187 070.9423 048.4013 0073493 095.6431 265.3102 14.60488063862776
1 82189U          20155.64562921 +.00000046 +00000+0 +25911-4 0  9997
2 82189  74.0335 142.0326 0015526 104.3350 255.9526 14.33589125343112
1 82199U          20155.69700579 +.00000135 +00000+0 +10835-3 0  9993
2 82199  82.9663 307.0915 0037005   0.5716  12.5178 13.83428588330509
1 82205U          20156.55397441 +.00000336 +00000-0 +81175-4 0  9997
2 82205 062.9877 138.8344 0679370 104.0384 263.7099 13.78696625328744
1 82223U          20155.84715520 +.00000764 +00000-0 +51260-3 0  9996
2 82223 099.3525 306.8009 0078969 148.2654 212.3306 14.02463264165299
1 82250U          20156.23325407 +.00000314 +00000-0 +23354-3 0  9995
2 82250 098.9764 065.0961 0094942 057.5064 093.2536 13.99999260333424
1 82272U          20155.50977843 +.00000263 +00000-0 +96871-3 0  9992
2 82272 067.5218 249.3611 0763217 315.5520 038.6596 12.31868364742614
1 82284U          20155.04512926 +.00000716 +00000+0 +30614-3 0  9996
2 82284  99.5547 248.3283 0111030 100.4877 260.8832 14.25174640382813
1 82285U          20155.91654281 +.00001076 +00000-0 +11307-2 0  9992
2 82285 102.0000 141.3667 0359217 127.5804 235.8520 13.53016084321587
1 82295U          20150.07672186 +.00000141 +00000+0 +87527-4 0  9999
2 82295  66.6242  37.3101 0136153 210.1526 149.1684 14.25514817290906
1 82298U          20154.42928932 +.00001010 +00000-0 +55933-3 0  9990
2 82298 099.0715 226.5706 0060972 289.3146 070.1439 14.12765053280713
1 82303U          20156.01885851 -.00000118 +00000-0 -30274-3 0  9997
2 82303 081.9918 172.8917 0092790 064.5585 322.1639 13.22805983812423
1 82311U          20156.10189318 +.00000227 +00000-0 +39766-3 0  9995
2 82311 099.4959 269.1969 0109255 335.5317 024.0656 13.51588087846257
1 82314U          20154.22186855 +.00003418 +00000-0 +16647-3 0  9990
2 82314 099.2462 144.4192 0214466 329.4776 029.4101 15.01415713237555
1 82320U          20156.10484009 +.00000429 +00000-0 +17386-3 0  9998
2 82320 099.8270 107.5837 0160657 215.3127 143.7325 14.27207826890280
1 82322U          20152.36870704 +.00000880 +00000+0 +22938-3 0  9994
2 82322  98.6131 201.0550 0082563 140.0780 220.6525 14.50134191270947
1 82348U          20154.39717061 +.00000085 +00000-0 +97771-4 0  9999
2 82348 063.7656 303.7641 3261866 309.5175 025.9176 08.38577247460850
1 82369U 99025    20155.35784966 +.00000003 +00000-0 +32702-4 0  9995
2 82369 099.0911 187.3893 0085529 133.4765 227.3551 13.96943718275286
1 82381U          20155.32866549 +.00000951 +00000+0 +32950-3 0  9994
2 82381  98.5071 348.0918 0018193 156.4553 203.7470 14.37818530218530
1 82383U          20156.52606796 +.00002113 +00000-0 +32480-3 0  9996
2 82383 098.3071 183.1819 0004112 250.6204 109.4560 14.74638044248338
1 82402U          20156.35885091 +.00000277 +00000-0 +29215-4 0  9998
2 82402 086.6679 288.2757 0011647 168.7845 191.3641 14.85039245154025
1 82410U          20156.30061737 +.00000003 +00000-0 +79346-4 0  9992
2 82410 066.6561 134.7161 0070794 279.2854 080.0214 13.75988680309084
1 82428U          20155.81402158 +.00005842 +00000-0 +62494-2 0  9992
2 82428 063.1704 347.8127 0085866 042.7029 318.0640 13.73033983140889
1 82432U 93036    20155.82561855 +.00000172 +00000-0 +50204-4 0  9998
2 82432 074.0085 193.7903 0062725 128.9512 231.7262 14.50268435189859
1 82448U          20155.31601340 +.00000316 +00000+0 +33688-4 0  9998
2 82448  85.8792 174.7342 0009731 208.9357 151.1327 14.84987985136439
1 82451U          20155.62035596 +.00004212 +00000-0 +50099-3 0  9994
2 82451 066.5383 252.1152 0297107 173.3410 187.1794 14.58719187836371
1 82453U          20155.62405069 -.00000027 +00000-0 +12697-3 0  9995
2 82453 101.8914 110.3835 0094351 352.4873 007.4774 12.39491543745054
1 82458U          20154.74612995 +.00000402 +00000+0 +27373-3 0  9992
2 82458  66.5123 320.8078 0075666 277.1575  82.0912 14.08757209324738
1 82464U          20155.42449109 +.00000896 +00000+0 +28535-3 0  9998
2 82464  70.9997 204.6586 0084262  42.4454 331.3436 14.40536248342349
1 82475U          20149.50811273 +.00000304 +00000-0 +20991-3 0  9990
2 82475 099.1773 174.2881 0105982 332.7467 026.8162 14.04278815261523
1 82481U          20156.29589361 +.00004759 +00000-0 +34493-3 0  9991
2 82481 099.0380 341.4324 0040419 077.6292 282.9449 15.03920458153606
1 82484U          20155.96378935 +.00000011 +00000-0 +78281-4 0  9991
2 82484 099.5896 231.3640 0044188 244.4480 115.2086 13.55061023317307
1 82494U 93036    20156.27754958 +.00000552 +00000-0 +15331-3 0  9997
2 82494 074.0216 265.0350 0010986 168.1868 191.9551 14.48777729189591
1 82500U          20154.54503501 +.00000670 +00000-0 +41758-3 0  9991
2 82500 070.9724 245.2975 0143712 261.0443 097.4383 14.03538522854956
1 82517U          20156.37444712 +.00001505 +00000-0 +45817-3 0  9998
2 82517 086.3925 221.8382 0025443 078.3269 282.0784 14.41275059131900
1 82524U          20155.89381111 +.00000561 +00000-0 +26755-3 0  9996
2 82524 073.2920 359.1021 0176226 209.4319 213.5863 14.14155296290545
1 82526U          20156.30158978 +.00000906 +00000-0 +61110-3 0  9995
2 82526 099.2546 184.1400 0110492 127.6746 233.4501 14.00177961238803
1 82529U          20155.62447991 +.00000461 +00000-0 +78916-3 0  9996
2 82529 099.7429 282.0925 0249495 108.9639 267.5198 13.38396459759498
1 82545U          20138.50262104 -.00000052 +00000-0 -25558-3 0  9995
2 82545 064.8840 233.7819 0182185 319.4338 039.3130 11.30773661208784
1 82560U          20155.85850818 +.00000247 +00000-0 +26249-3 0  9996
2 82560 099.9994 291.1638 0011317 181.4502 330.9722 13.85115876774375
1 82561U          20155.52713171 +.00000485 +00000+0 +23275-3 0  9990
2 82561  63.1262 186.5024 0440800 313.4708 120.1204 13.88097029330588
1 82576U          20156.00280155 +.00000313 +00000-0 +23432-3 0  9997
2 82576 099.2963 170.4500 0118253 151.2384 209.5367 13.98787041237270
1 82597U          20156.02655814 +.00000125 +00000-0 +79675-4 0  9992
2 82597 066.7743 015.2968 0104741 357.6451 002.4139 14.28094516340382
1 82616U          20154.16549132 +.00003990 +00000-0 +54369-3 0  9997
2 82616 097.2913 284.0056 0105610 118.3685 242.8223 14.75334896266801
1 82617U          20155.99597507 +.00000072 +00000-0 +27538-4 0  9996
2 82617 074.0302 057.4278 0040373 139.5319 220.8855 14.46172403905436
1 82619U          20155.25391596 +.00000089 +00000+0 +22071-3 0  9990
2 82619  66.1964 344.7404 0221973 299.9911  57.9276 13.49620497199527
1 82627U          20152.58678422 +.00000250 +00000-0 +65062-3 0  9996
2 82627 082.4764 245.3572 0013872 124.5249 300.9878 13.13444921820911
1 82637U          20156.17350698 +.00002231 +00000-0 +63445-3 0  9992
2 82637 099.5342 296.1054 0031997 035.9794 324.3540 14.46242880433935
1 82642U          20156.46411752 +.00000704 +00000-0 +47462-3 0  9993
2 82642 099.0257 066.9395 0142808 068.4942 293.1378 13.98858360333542
1 82683U 99057    20155.85449819 +.00000154 +00000-0 +79535-4 0  9991
2 82683 098.1140 007.9496 0229047 144.7072 216.9513 14.13410281176776
1 82693U          20155.13985248 +.00000771 +00000+0 +11057-2 0  9991
2 82693 100.5338 289.7479 0040128 315.3090  44.4815 13.59428650278772
1 82698U          20155.60963104 -.00000107 +00000-0 -20346-5 0  9995
2 82698 061.6146 107.2397 0716796 279.0502 073.0111 13.21183029775618
1 82708U          20155.90130037 +.00000494 +00000-0 +21651-2 0  9995
2 82708 102.1576 148.7195 0064724 031.9004 328.5981 12.86815211804063
1 82728U          20153.98405860 +.00005030 +00000-0 +17584-2 0  9993
2 82728 100.3115 247.0061 0197322 087.0898 275.2839 14.25416843807766
1 82729U          20156.28211059 -.00000255 +00000-0 -70397-3 0  9993
2 82729 067.9532 027.3737 0842872 307.5071 045.2133 12.15728454289809
1 82737U          20156.28901258 +.00003767 +00000-0 +57735-2 0  9998
2 82737 102.8787 097.0752 0300027 217.4510 140.5357 13.36157224273836
1 82739U          20153.85643914 -.00000032 +00000+0 +10166-4 0  9993
2 82739  99.0938  15.0389 0181637 270.2507 102.2779 13.76038970327862
1 82741U          20156.12399515 +.00000309 +00000-0 +47031-3 0  9991
2 82741 102.8787 261.5858 0209807 054.1579 307.8838 13.55656006322921
1 82742U          20150.86541589 +.00001179 +00000-0 +54836-3 0  9994
2 82742 099.5868 166.9306 0057598 031.0969 329.3594 14.21929277254913
1 82748U          20155.82787701 +.00015320 +00000-0 +43947-2 0  9992
2 82748 102.8118 194.2584 0023857 164.6661 195.5241 14.44907907260796
1 82755U          20155.77607922 +.00002541 +00000-0 +47547-3 0  9992
2 82755 099.8154 145.3489 0001186 070.5797 289.5529 14.66001559872486
1 82778U          20136.96790231 -.00199685  12760-2  00000+0 0  9997
2 82778  51.2453  70.2287 4936497 221.0761 193.3069 30.22618396 46552
1 82783U          20156.49403957 +.00001005 +00000-0 +30242-2 0  9992
2 82783 090.3244 338.0928 0025624 120.1567 240.2103 13.06300578240759
1 82785U          20153.90283120 +.00000333 +00000-0 +10368-3 0  9996
2 82785 063.1337 201.8579 0332772 003.6891 169.8979 14.29770083869764
1 82820U          20155.51749984 +.00000476 +00000+0 +24184-3 0  9998
2 82820  99.7736  59.4668 0059317 284.4610  74.9987 14.20638614338194
1 82829U          20152.20534699 +.00000113 +00000-0 +43283-2 0  9994
2 82829 065.1091 063.1639 0159885 055.6461 096.8011 11.28845997422595
1 82854U          20154.44708901  .00000678  00000-0  58887-3 0  9992
2 82854  82.6923 195.6149 0137142 199.9186 159.6590 13.80616339801010
1 82873U          20155.79316475 +.00000440 +00000-0 +27393-3 0  9998
2 82873 100.0189 139.4019 0049080 052.8030 307.7602 14.10475849877926
1 82875U          20150.85391784 +.00000033 +00000+0 +24798-4 0  9992
2 82875  98.6472 177.2423 0393192 307.2666  49.3246 14.10708825258976
1 82893U          20155.49706106 +.00000848 +00000+0 +53527-3 0  9990
2 82893  98.9874 236.3143 0032597   3.5247 356.6144 14.06680945138741
1 82912U          20156.17928066 +.00000108 +00000-0 +89306-4 0  9994
2 82912 065.8411 074.6325 0815042 102.6103 266.7239 13.14557076313280
1 82915U          20155.52267312 +.00002052 +00000+0 +36674-3 0  9993
2 82915  74.0221 211.0352 0027542  18.0754 342.1388 14.67350780185657
1 82959U          20154.14399431 +.00000304 +00000-0 +20247-3 0  9994
2 82959 100.0731 049.4353 0055249 346.4278 013.5399 14.09354761258986
1 82961U          20155.83393463 -.00002221 +00000-0 -51609-2 0  9990
2 82961 099.7664 113.0477 0486284 277.5149 077.0979 12.87349571293504
1 82965U 70025    20155.90601287 +.00000257 +00000-0 +43952-3 0  9990
2 82965 100.1987 140.2701 0003740 084.9553 275.2009 13.55360586250746
1 82991U          20154.20567505 +.00002312 +00000-0 +43890-3 0  9996
2 82991 086.3187 132.8494 0024279 155.1749 205.0637 14.63624188188789
1 83903U          20156.51311934 +.00000017 +00000-0 +00000-0 0  9992
2 83903 010.9143 311.7905 0131533 191.7780 167.5455 00.99111665023666
1 83934U          20155.76624406 -.00000083 +00000-0 +00000-0 0  9997
2 83934 010.1282 316.7063 0227741 209.7305 330.6925 01.02659527057724
1 83952U          20155.08942206 -.00000057 +00000+0 +59198-3 0  9998
2 83952  21.0492  46.4883 7173693  23.5961 357.2275  2.31995180 37168
1 83970U          20156.41423433 +.00001184 +00000-0 +56955-3 0  9992
2 83970 018.3366 300.5011 5269432 327.8244 008.7368 05.10302698091182
1 83999U          20151.23328148 -.00000235 +00000-0 +00000-0 0  9999
2 83999 065.4404 035.6830 6876739 022.8605 356.9672 02.12142690020789
1 84006U          20156.33378577 -.00000007 +00000-0 +00000-0 0  9993
2 84006 022.4781 206.9513 6151422 100.6572 329.8474 02.16231694040580
1 84026U          20156.18459490 +.00018525 +00000-0 +53361-2 0  9995
2 84026 021.8012 179.1783 6243076 246.4234 038.4683 03.66813984050910
1 84045U          20154.23635685 -.00000030 +00000-0 -27032-2 0  9992
2 84045 018.5464 129.0477 7275631 187.6515 147.2861 02.08758742036556
1 84071U          20150.89184459 +.00000022 +00000-0 +44676-3 0  9990
2 84071 020.5500 246.5054 7017985 315.3797 006.2045 02.57009587050456
1 84079U          20149.94959183 +.00003783 +00000-0 +28591-2 0  9990
2 84079 062.7869 016.4031 4040960 145.9462 248.3095 07.05298785181830
1 84136U          20156.59398756 +.00062959 +00000-0 +50336-2 0  9998
2 84136 051.4169 004.9078 2228379 118.1413 266.2708 10.81545388283254
1 84170U          20154.35028926 +.00001516 +00000-0 +65219-3 0  9996
2 84170 020.7778 192.2240 7007577 317.4784 005.8255 02.60118184040000
1 84232U 79104    20155.41109368 +.00001104 +00000+0 +16144-2 0  9998
2 84232  20.1973 215.8832 6928993  19.8430 357.4523  2.67389831 46818
1 84249U          20154.38892869 +.00007710 +00000-0 +25116-2 0  9994
2 84249 064.3740 197.1291 5769820 015.2903 356.7115 04.35623132059517
1 84292U          20153.44045071 +.00016508 +00000-0 +12367-2 0  9992
2 84292 023.9673 315.5034 4998681 269.8444 035.3096 05.67932860107202
1 84342U          20156.28602166 +.00004547 +00000-0 +18175-2 0  9990
2 84342 021.7120 209.9030 5821512 080.6589 337.3180 04.26538616057524
1 84353U          20156.25606318 -.00000088 +00000-0 +00000-0 0  9995
2 84353 019.1258 079.3440 6717297 338.7437 003.1956 02.03733185026994
1 84407U          20156.22122993 -.00000057 +00000-0 -12974-1 0  9995
2 84407 018.5773 209.9894 7208115 035.5746 355.8631 02.05614155034334
1 84414U          20154.70399864 +.00028764 +00000-0 +14790-2 0  9999
2 84414 065.2265 019.5112 4354749 012.6238 355.5385 06.81568679090005
1 84415U          20156.48540540 +.00004095 +00000-0 +13151-2 0  9997
2 84415 023.7748 159.5334 5626186 012.9890 356.9979 04.57236049070564
1 84434U          20156.07548884 +.00000859 +00000-0 +24296-2 0  9998
2 84434 020.6213 028.1538 7179003 069.0559 350.0115 02.33630088038433
1 84452U          20155.75192875 +.00018415 +00000-0 +92825-3 0  9998
2 84452 002.8287 254.9121 6415363 353.6304 001.0785 03.48778842079152
1 84479U          20155.63918239 +.00042740 +00000-0 +50002-2 0  9992
2 84479 023.5418 338.5854 5242127 123.2847 298.0824 05.24947528050355
1 84480U          20155.37014194 +.00000586 +00000+0 +25743-3 0  9998
2 84480  45.9121 169.2246 4557378 186.5469 164.5824  6.24377522131245
1 84565U          20156.17671607 -.00000088 +00000-0 -26561-3 0  9998
2 84565 002.3410 100.1673 7212148 255.3401 020.8652 02.27413846017528
1 84575U          20151.00335069 -.00000010 +00000+0 -16073-2 0  9995
2 84575  18.3715 111.3243 7108182 226.8000  46.3931  2.19783572 20963
1 84588U          20156.25890408 +.00000662 +00000-0 +34416-3 0  9998
2 84588 002.5002 007.3665 7038837 009.0967 359.0290 02.55814372054967
1 84597U          20156.03812384 -.00000178 +00000-0 -52940-3 0  9997
2 84597 018.9267 046.1647 7282304 341.2742 002.2340 02.17750776024464
1 84932U          20156.31759157 -.00000182 +00000-0 -13514-2 0  9997
2 84932 002.1954 240.9943 6557735 067.4787 336.6219 02.98826691147673
1 84950U          20156.11679730 -.00000470 +00000-0 +00000-0 0  9996
2 84950 001.9608 267.7683 6986754 146.0490 129.1765 02.04261148095148
1 84961U          20154.43832655 -.00000039 +00000-0 +00000-0 0  9999
2 84961 010.3211 305.9656 0142307 207.4994 151.7237 00.98636756046224
1 85001U          20156.34786177 +.00009689 +00000-0 +13720-2 0  9998
2 85001 051.4303 139.0791 2880895 180.0646 180.0073 09.43535113235785
1 85004U          20155.99351785 +.00000123 +00000-0 +56007-4 0  9995
2 85004 098.2523 166.6279 0052559 090.9666 301.5254 14.35714086342184
1 85010U          20155.97014367 +.00000286 +00000-0 +37135-3 0  9992
2 85010 099.4085 045.2770 0027681 113.6238 258.0090 13.70501839802432
1 85011U          20155.53755458 +.00004066 +00000+0 +18119-2 0  9997
2 85011  70.9812  84.1851 0019834  70.6025 289.7243 14.23273185135084
1 85015U          20155.66108840 -.00000007 +00000+0 +48091-5 0  9999
2 85015  74.0485 288.8929 0014990 350.5959   9.4923 14.59635087347991
1 85023U          20156.38871620 +.00001031 +00000-0 +46164-3 0  9996
2 85023 099.8609 213.7589 0003322 091.5732 330.0717 14.25241279339118
1 85027U          20155.82867239 +.00000034 +00000-0 +10850-3 0  9994
2 85027 066.0424 357.6029 0177864 184.0566 175.9067 13.73257654327461
1 85047U          20154.88299270 -.00000195 +00000-0 -37161-3 0  9999
2 85047 102.1655 125.7968 0231532 009.3735 351.1580 13.06312222802877
1 85061U          20155.40205876 +.00001343 +00000+0 +62710-2 0  9993
2 85061 102.4197 310.5009 0327187 107.9558 312.2977 12.62851827299965
1 85100U          20153.90390226 +.00000049 +00000-0 +24530-4 0  9997
2 85100 074.0467 349.0256 0012723 355.6460 070.0353 14.38795404895912
1 85106U          20155.11831110 +.00000102 +00000-0 +17089-3 0  9990
2 85106 100.1204 123.3111 0010944 091.5738 328.2737 13.70191893032642
1 85111U 73086    20155.88616839 +.00000060 +00000-0 +67198-3 0  9992
2 85111 101.5739 134.6104 0005939 304.4099 055.6411 12.50821920213556
1 85117U          20156.18560307 +.00004182 +00000-0 +59643-3 0  9991
2 85117 070.0334 079.6780 0066637 254.5133 104.8649 14.75966612299255
1 85124U          20156.38087907 +.00006228 +00000-0 +97550-3 0  9993
2 85124 082.2352 031.3539 0403416 054.7957 309.0304 14.30114803754890
1 85133U          20150.94262186 +.00000635 +00000-0 +30284-3 0  9990
2 85133 098.9097 195.3272 0027184 027.2653 332.9944 14.22664679242751
1 85151U 86019    20154.49311397 +.00000928 +00000+0 +32568-3 0  9998
2 85151  98.5155 347.5768 0016966 145.4719 214.7573 14.37243731187307
1 85159U          20151.68242662 +.00001182 +00000+0 +64701-3 0  9995
2 85159  98.8376  54.4538 0076115 247.8539 111.4541 14.12398967212729
1 85175U          20154.40359419 +.00002964 +00000+0 +67123-3 0  9995
2 85175 101.3752 210.6216 0154910 228.9280 129.8435 14.50250809329804
1 85205U          20153.91887824 +.00000078 +00000-0 +63885-4 0  9997
2 85205 082.9562 013.2243 0036859 176.4913 245.5828 13.76370046412942
1 85210U 75052    20155.44349628 -.00000062 +00000+0 -17264-4 0  9991
2 85210  99.7982 233.9531 0224344  78.4176 341.0914 13.68089174325942
1 85217U          20155.89580921 +.00000180 +00000-0 +69256-4 0  9999
2 85217 097.9841 033.2946 0241778 038.3393 323.4702 14.25624741339640
1 85220U          20156.26078890 -.00001531 +00000-0 -42268-3 0  9998
2 85220 099.4062 266.4867 0182566 085.9690 276.2338 14.35636780341173
1 85237U          20155.19589166 +.00000439 +00000-0 +12978-3 0  9999
2 85237 065.5416 349.0000 0608791 208.2835 148.3897 13.79436797805794
1 85238U          20155.71660870 -.00000019 +00000-0 +18664-4 0  9994
2 85238 098.8156 140.9341 0062557 274.8409 262.6656 13.87921810330870
1 85246U          20156.24179784 +.00000101 +00000-0 +53698-4 0  9998
2 85246 098.0086 321.2559 0241602 085.8501 277.0247 14.15294478337284
1 85266U          20155.45791935 +.00001169 +00000-0 +76137-3 0  9997
2 85266 062.7274 207.2371 3663806 129.9222 268.5950 07.73458438200374
1 85283U 78098    20156.27888397 +.00001561 +00000-0 +39141-3 0  9998
2 85283 099.7007 089.5239 0033655 049.6396 310.7725 14.52816154247437
1 85292U          20153.85779106 +.00001091 +00000+0 +31085-3 0  9990
2 85292  65.8328   3.0985 0063739 315.3170  44.2804 14.48316963893707
1 85370U          20155.04915691 +.00000289 +00000+0 +30866-3 0  9995
2 85370  99.9708 221.2825 0007616 245.8215 233.8436 13.83288406329631
1 85373U          20156.29386617 +.00000360 +00000-0 +32807-3 0  9994
2 85373 100.3967 272.9989 0053811 099.2953 289.3701 13.90591971043557
1 85383U          20155.97395882 +.00001122 +00000-0 +33547-3 0  9992
2 85383 098.6732 227.8770 0105559 309.7104 049.4815 14.41817231450413
1 85386U          20156.20004230 +.00001290 +00000-0 +35503-3 0  9996
2 85386 098.6450 239.1824 0115386 253.8819 132.8725 14.44916149452128
1 87001U          20155.50787623 +.00003018 +00000+0 +14226-1 0  9994
2 87001 105.1403 179.8941 0024678 286.5454  73.2905 12.76411013302278
1 87011U          20156.51756763 +.00000040 +00000-0 +18963-3 0  9995
2 87011 067.0362 192.6335 0269474 285.3451 071.7968 13.27674807316814
1 87014U          20156.53406028 +.00000604 +00000-0 +11464-2 0  9990
2 87014 100.4940 359.9757 0055743 027.3867 003.8113 13.42262672319613
1 87027U          20144.55290512 +.00001697 +00000-0 +91995-2 0  9992
2 87027 064.1939 302.4639 3973177 064.6848 331.0337 06.75605843121679
1 87029U          20155.64735434 -.00000145 +00000-0 -67873-4 0  9992
2 87029 098.9745 221.4769 0069653 104.3082 256.5829 13.99862192310470
1 87041U          20156.04810052 +.00000286 +00000-0 +19157-2 0  9995
2 87041 067.3183 281.0856 0357907 287.1672 069.0446 12.43396723299069
1 87042U          20155.90785818 +.00000332 +00000-0 +23780-3 0  9991
2 87042 098.9262 227.3620 0043987 345.6796 014.3121 14.03547315270668
1 87051U          20155.48633641 -.00000001 +00000-0 +33144-4 0  9990
2 87051 065.7310 333.5067 0768910 324.6735 030.5575 13.35767650902158
1 87053U          20156.37392714 +.00039164 +11848-5 +97345-3 0  9994
2 87053 063.0686 160.9473 2682452 054.0619 328.0558 10.06376976228130
1 87054U          20156.19263729 +.00001079 +00000-0 +77453-3 0  9993
2 87054 100.0914 149.8747 0012685 305.1572 054.8400 13.99588686333346
1 87065U          20155.73795377 -.00000491 +00000-0 -56379-3 0  9996
2 87065 098.7283 261.1807 0339081 051.3345 311.7616 13.43604565245176
1 87071U          20155.34106416 -.00000091 +00000-0 +16424-4 0  9993
2 87071 061.2271 015.9968 0567940 357.3908 002.4175 13.65098651033063
1 87074U          20156.55497050 -.00000055 +00000-0 +23791-4 0  9992
2 87074 066.1423 106.9907 0159269 294.7916 063.6649 13.70031675326741
1 87076U          20155.64838588 -.00000108 +00000+0 -17860-3 0  9996
2 87076  67.7596 283.3302 0637057 102.5553 264.7442 12.54771918299543
1 87079U          20155.96134475 +.00003548 +00000-0 +38450-3 0  9996
2 87079 070.3267 353.7142 0027210 034.1991 326.0911 14.88802128352129
1 87082U          20155.90066985 +.00003764 +00000-0 +26065-3 0  9993
2 87082 097.4401 133.6978 0168755 035.1628 326.0592 14.95346581308527
1 87091U          20151.33357196 +.00003961 +00000-0 +24524-3 0  9990
2 87091 065.7018 014.3632 0157518 181.8387 178.2183 15.01461827924714
1 87094U          20155.37683679 +.00002814 +00000-0 +73394-3 0  9994
2 87094 099.7838 186.1866 0126295 256.9350 101.7714 14.45865031927034
1 87107U          20151.54378357 +.00010589 +00000-0 +77204-3 0  9990
2 87107 098.9033 186.6110 0018816 333.1003 026.9241 15.03821397306188
1 87113U          20155.50223586 +.00000616 +00000+0 +12230-3 0  9997
2 87113  65.6659 100.5209 0366764 176.5358 303.9544 14.35234806341061
1 87129U          20156.00922697 +.00000060 +00000-0 +77826-3 0  9995
2 87129 102.3957 189.5346 0031200 191.8810 168.1520 12.41963042296110
1 87134U          20155.42919773 +.00000677 +00000-0 +12914-2 0  9997
2 87134 066.6710 177.7791 0454643 132.9154 231.0987 13.09302671920947
1 87143U          20150.34246686 +.00000036 +00000-0 +00000-0 0  9999
2 87143 026.1666 159.5400 3733290 240.8518 076.8556 06.74265772539012
1 87149U          20156.47576207 +.00000183 +00000-0 +17780-3 0  9999
2 87149 062.9264 192.8009 3282926 222.9584 106.2649 08.35413667198394
1 87159U          20156.32659949 +.00000347 +00000-0 +42590-3 0  9998
2 87159 090.3035 002.8883 0121755 094.2001 267.3081 13.60651321281969
1 87163U          20156.26460559 +.00000114 +00000-0 +66018-4 0  9997
2 87163 065.6020 099.4267 0716698 222.9205 131.3753 13.50147871304267
1 87164U          20155.68384159 +.00000656 +00000+0 +21397-3 0  9994
2 87164  65.2057 311.7328 0144146 179.2312 180.9029 14.40343429344029
1 87180U          20155.93779092 +.00000552 +00000-0 +57074-3 0  9991
2 87180 065.9175 030.9451 0031472 221.3800 138.4884 13.83632627329487
1 87203U          20155.61819062 +.00001267 +00000+0 +31603-3 0  9997
2 87203  98.8918  34.8735 0066889 358.8678   1.2354 14.52232450258612
1 87204U          20155.89986402 +.00000401 +00000-0 +20517-3 0  9993
2 87204 098.7368 027.5309 0053197 061.4360 299.2156 14.20207426338416
1 87211U          20155.86060278 +.00000349 +00000-0 +14610-3 0  9990
2 87211 099.0527 032.5448 0067759 310.4672 110.3832 14.31457080418178
1 87213U          20155.47954554 +.00001967 +00000-0 +27866-3 0  9992
2 87213 099.0209 247.3890 0065156 319.8808 039.7597 14.77039206262633
1 87214U          20155.61588540 -.00000349 +00000+0 -28842-3 0  9996
2 87214 100.3223 304.9686 0076311  16.6932 343.6703 13.78320589321835
1 87222U          20150.79099918 +.00002177 +00000+0 +15393-3 0  9991
2 87222  98.9914 343.5832 0066434 240.4360 131.5600 15.04551848443731
1 87228U          20155.48909537 +.00001268 +00000+0 +48443-3 0  9997
2 87228  98.9243 251.7532 0042553 277.7827  81.8525 14.32092593314823
1 87235U          20154.07772401 +.00000656 +00000-0 +26425-3 0  9994
2 87235 098.9044 276.1636 0151352 306.4840 052.2474 14.25566991315601
1 87237U          20154.77134510 +.00000115 +00000+0 +12654-3 0  9994
2 87237  99.4680 165.1602 0104971 311.5566 225.9789 13.89853011331160
1 87239U          20155.84319746 +.00000800 +00000-0 +33624-3 0  9993
2 87239 082.8842 301.3032 0032141 106.6741 253.7975 14.24442976339007
1 87245U          20156.05182708 -.00000033 +00000-0 +21136-4 0  9995
2 87245 065.6620 268.7452 0525098 007.4348 165.3041 13.92845810331741
1 87256U          20153.92081104 +.00000573 +00000-0 +37298-3 0  9991
2 87256 098.9075 225.6946 0042464 314.3323 045.4367 14.06027894310128
1 87271U          20156.11287420 +.00000688 +00000-0 +18736-3 0  9994
2 87271 065.7751 062.1702 0563419 004.4918 356.0907 13.87597775330274
1 87280U          20155.79092545 +.00000073 +00000-0 +24829-3 0  9997
2 87280 064.6152 176.4077 0108707 004.9491 355.2595 13.46816109261959
1 87293U          20156.15840165 +.00000132 +00000-0 +60529-4 0  9995
2 87293 065.9100 315.6494 0529482 350.8127 008.3537 13.92097808967128
1 87300U          20156.30921517 +.00000494 +00000-0 +42211-3 0  9990
2 87300 100.0691 288.8036 0032517 224.6774 135.1762 13.92460935873995
1 87304U          20154.61260495 +.00000077 +00000-0 +19005-4 0  9990
2 87304 074.0196 281.2237 0020363 039.6654 320.6001 14.67970037931631
1 87305U          20155.39677288 +.00001073 +00000+0 +21908-3 0  9999
2 87305  73.9962 149.9761 0032897  68.8966 291.5712 14.61869630178119
1 87313U          20155.54793885 +.00000018 +00000+0 +69671-4 0  9995
2 87313  65.8408 185.5335 0220562 252.3705 105.3169 13.88542262331054
1 87320U          20155.74948997 +.00000406 +00000-0 +30999-3 0  9993
2 87320 066.5964 173.0136 0457743 249.5775 105.5580 13.61712958318445
1 87328U          20155.80825840 +.00001389 +00000-0 +15803-3 0  9997
2 87328 065.7609 298.4789 0262828 261.6746 095.4488 14.68416913348455
1 87331U          20156.23351130 +.00005033 +00000-0 +19535-3 0  9991
2 87331 066.9059 097.0354 0024942 264.7674 095.0629 15.26811496065313
1 87333U          20156.28003239 -.00000010 +00000-0 +59028-4 0  9995
2 87333 066.5367 109.4124 0020003 055.5363 304.7597 13.85837967330707
1 87334U          20156.24743219 +.00004114 +00000-0 +56140-2 0  9999
2 87334 089.9778 271.5956 0080813 196.2344 163.6221 13.57454637110131
1 87335U          20156.30358988 +.00004065 +00000-0 +54123-2 0  9996
2 87335 089.9601 270.9844 0106842 185.4474 174.5529 13.57985721110170
1 87342U          20155.82625155 +.00001796 +00000-0 +29615-1 0  9998
2 87342 102.6009 000.7540 0737767 235.6105 117.2988 11.27002148267949
1 87350U          20156.43383442 +.00000222 +00000-0 +83934-4 0  9995
2 87350 098.0732 043.8800 0255619 087.6515 275.3905 14.22829595339033
1 87359U          20155.75868725 +.00000083 +00000-0 +18255-3 0  9998
2 87359 065.8502 280.1405 0133558 162.8907 197.6720 13.66706109896484
1 87382U          20155.62401643 +.00003069 +00000-0 +56964-3 0  9998
2 87382 070.9685 233.0541 0021079 071.2852 289.0583 14.65912639259374
1 87397U          20155.61451926 +.00002822 +00000-0 +54058-3 0  9990
2 87397 081.2395 121.1554 0014181 350.0728 010.0190 14.63535071260535
1 87405U          20155.55084252 +.00000218 +00000+0 +16795-3 0  9999
2 87405  82.7603 196.7064 0048752 340.1204  19.8058 13.88252156330586
1 87415U          20156.21113856 +.00000624 +00000-0 +61345-3 0  9990
2 87415 065.3559 234.1943 0015736 009.0495 351.0850 13.86274688330062
1 87416U          20154.63459453 +.00001187 +00000-0 +49625-3 0  9993
2 87416 082.8371 228.5547 0023591 164.6030 195.5877 14.25274685320359
1 87423U          20155.82405358 +.00003994 +00000-0 +46172-3 0  9990
2 87423 098.8262 116.2544 0055319 245.9561 113.5856 14.85156468260082
1 87426U          20156.16872612 +.00000809 +00000-0 +46351-3 0  9993
2 87426 065.8083 299.7316 0090562 268.2475 269.0613 14.12888038336509
1 87433U          20155.62945576 +.00000183 +00000+0 +44739-3 0  9993
2 87433 100.2776 281.3084 0046953  58.3667 302.2026 13.35340592162838
1 87442U          20155.79962410 +.00683545 +00000-0 +30357-1 0  9996
2 87442 062.0483 192.9302 0198474 177.3902 182.8277 15.03139340155575
1 87448U          20155.80181574 +.00000479 +00000-0 +47394-3 0  9998
2 87448 100.4315 104.8018 0070076 357.1811 002.8935 13.83546791329676
1 87455U          20156.43365050 +.00009247 +69612-6 +46222-3 0  9990
2 87455 063.3793 179.6673 2991193 250.1708 075.5364 09.37135371217557
1 87456U          20155.89786412 +.00000370 +00000-0 +86652-4 0  9999
2 87456 065.7910 247.4687 0631931 299.9674 054.0093 13.85655569870523
1 87468U          20155.66291231 +.00001156 +00000+0 +14901-3 0  9996
2 87468  74.0153 293.5427 0067930 210.5958 149.1251 14.80760475180310
1 87491U          20154.41005024 +.00001446 +00000+0 +37221-3 0  9999
2 87491  98.6577 205.1527 0072550 212.8402 146.8273 14.50177487288501
1 87501U          20156.04094466 +.00002214 +00000-0 +71815-3 0  9992
2 87501 074.0367 026.0215 0020965 219.5644 140.3982 14.39399545176989
1 87517U          20155.03392743 +.00000082 +00000+0 +57441-4 0  9996
2 87517  65.8294  23.8926 0733310 186.8358 250.2023 13.45221212320349
1 87518U          20156.51422582 +.00085889 +00000-0 +13569-2 0  9996
2 87518 065.7838 108.1795 0017139 258.7383 101.1843 15.52854126358582
1 87520U          20155.98432865 +.00001136 +00000-0 +26516-2 0  9993
2 87520 101.6187 167.7012 0197153 052.8053 309.0876 13.20406573313541
1 87521U          20153.72424305 +.00001516 +00000-0 +28247-3 0  9990
2 87521 063.3737 038.8939 2326545 312.9728 029.7737 10.47155349198869
1 87541U          20155.58687594 +.00000016 +00000+0 +11544-3 0  9994
2 87541  99.9164  61.8795 0060919  82.5644  36.4246 13.34806868312722
1 87553U          20156.20663386 +.00000123 +00000-0 +75443-4 0  9999
2 87553 065.6722 133.8768 0735760 037.4700 327.5361 13.41481746875290
1 87557U          20156.13891106 +.00001334 +00000-0 +38188-2 0  9996
2 87557 101.7554 116.7446 0092263 074.2510 286.8748 13.11532266299347
1 87561U          20156.01898444 -.00000167 +00000-0 -96062-3 0  9991
2 87561 102.2497 222.5513 0173833 010.3343 108.9354 12.32198997791359
1 87565U          20155.87919492 -.00000055 +00000-0 -18148-5 0  9992
2 87565 099.9636 301.7637 0182261 200.4346 158.9457 14.00268688882348
1 87569U          20156.50422486 -.00000044 +00000-0 +20345-4 0  9997
2 87569 101.7935 249.2816 0055471 270.8676 101.5711 12.68465419302695
1 87574U          20155.79893282 +.00008522 +00000-0 +13202-2 0  9999
2 87574 073.9964 345.7142 0071127 135.2228 225.4716 14.71603886235403
1 87587U          20155.85428044 +.00000019 +00000-0 +14897-4 0  9996
2 87587 074.0247 229.2655 0020337 031.4833 328.7533 14.38820195343506
1 87590U          20156.56941677 +.00000177 +00000-0 +13145-3 0  9990
2 87590 099.0253 191.6916 0027343 187.4455 326.5729 14.07460867871301
1 87594U          20156.00872882 -.00000022 +00000-0 +11582-3 0  9997
2 87594 063.1308 159.8969 0089349 085.5465 275.5759 13.44790662368581
1 87616U          20155.94447852 +.00000207 +00000-0 +87367-3 0  9997
2 87616 066.0360 146.7051 0651598 276.8859 104.0202 12.44603418284954
1 87624U          20155.41883134 +.00000327 +00000-0 +84972-4 0  9998
2 87624 098.7896 328.7631 0129657 303.8343 055.0564 14.52251782287683
1 87632U          20155.50832129 +.00003764 +00000-0 +25958+0 0  9997
2 87632 086.0515 235.0189 1862609 299.7946 043.0446 08.78157143155050
1 87642U          20155.47717392 +.00004257 +00000-0 +25035-3 0  9996
2 87642 062.2250 156.6808 0202388 062.4184 299.7301 14.97773857844126
1 87656U          20155.38100772 +.00001539 +00000-0 +38971-3 0  9992
2 87656 099.1319 225.5431 0016320 327.3330 032.6852 14.52453122706245
1 87664U          20156.10175774 +.00000100 +00000-0 +38420-3 0  9998
2 87664 099.7366 201.0776 0213776 276.9632 111.6964 13.06014794426473
1 87672U          20155.31206292 +.00000441 +00000+0 +23449-3 0  9991
2 87672  70.8623 359.1603 0063337  84.7330 276.1016 14.17916585337690
1 87681U          20156.47745889 +.00000152 +00000-0 +24826-3 0  9999
2 87681 066.7361 174.0516 0155096 050.4782 310.9875 13.66713653325854
1 87690U          20155.45403648 +.00000338 +00000+0 +76744-4 0  9992
2 87690  65.8004  72.4314 0686806 330.6403  25.7648 13.77051766327950
1 87692U          20156.29625305 +.00005870 +00000-0 +57797-3 0  9996
2 87692 070.8633 142.4231 0011504 223.5469 136.4786 14.92462829350190
1 87706U          20156.10418146 +.00000231 +00000-0 +68871-4 0  9997
2 87706 098.4943 265.0357 0136035 301.3421 183.6261 14.47546412285591
1 87725U          20156.26694284 +.00000859 +00000-0 +28810-3 0  9998
2 87725 082.8971 159.2213 0028630 303.9534 055.8935 14.36068940341627
1 87727U          20155.46336218 -.00000024 +00000-0 +68584-5 0  9990
2 87727 070.9879 183.4377 0016409 085.0859 275.2161 14.62352190612018
1 87730U          20155.10444853 +.00000020 +00000-0 +52845-5 0  9998
2 87730 082.9441 287.1533 0028930 226.2933 133.5826 13.74150350619354
1 87732U          20156.54434994 +.00018990 +00000-0 +99426-3 0  9993
2 87732 098.6921 004.5620 0052995 322.8179 036.9384 15.14652864263458
1 87737U          20156.55448501 -.00000010 +00000-0 +37401-4 0  9999
2 87737 099.6685 015.1690 0134036 021.7388 338.9375 13.71983026327229
1 87764U          20156.29701682 +.00000655 +00000-0 +16594-3 0  9995
2 87764 065.6731 131.1575 0493572 350.8340 068.1452 14.03392623334041
1 87771U          20156.32222298 +.00000045 +00000-0 +22191-3 0  9991
2 87771 100.5784 292.4416 0119399 260.5890 098.1709 13.18979415269084
1 87782U          20155.63980591 +.00000946 +00000+0 +38087-2 0  9992
2 87782 102.3617 118.9759 0071717 347.5080  12.4232 12.89497237307033
1 87784U          20155.46420977 +.00021915 +00000+0 +11334-2 0  9997
2 87784  62.1661 314.3986 1204989 274.5911  71.8752 13.01642167148299
1 87817U          20154.41376372 +.00001329 +00000-0 +12021-3 0  9990
2 87817 062.7669 205.4417 0129654 291.1670 067.5610 14.94694006727717
1 87818U          20156.16136571 +.00006368 +00000-0 +14053-2 0  9994
2 87818 061.8871 169.7152 3860074 159.2363 222.2340 07.55107801127361
1 87841U          20155.75664147 +.00001287 +00000-0 +68384-3 0  9991
2 87841 102.8883 127.1532 0200712 333.3811 025.7146 14.06813842334625
1 87843U          20155.54008426 +.00000191 +00000-0 +56615-3 0  9999
2 87843 099.6672 064.1270 0253790 019.9133 341.1673 13.09735209828803
1 87845U          20155.72405620 +.00000829 +00000-0 +16862-2 0  9995
2 87845 098.8547 130.7983 0590999 195.4548 162.7797 12.83980439305872
1 87848U          20155.09689589 +.00000081 +00000+0 +20703-4 0  9996
2 87848  74.0143 300.4906 0019280  89.3055 271.0323 14.65662520349278
1 87878U          20155.87115130 +.00000335 +00000-0 +15229-3 0  9990
2 87878 099.2027 129.3151 0042491 351.6551 008.3917 14.28338905823472
1 87883U          20152.38801122 +.00000105 +00000-0 +58589-4 0  9994
2 87883 099.3098 012.7426 0297362 289.3611 067.5636 14.11931383286840
1 87884U          20155.21497105 -.00000038 +00000-0 +16570-5 0  9993
2 87884 098.5169 328.4582 0156874 355.2689 004.6989 14.04339772341246
1 87898U          20150.77829566 +.00000779 +00000+0 +30539-3 0  9993
2 87898  98.9387 351.1266 0138191  39.6297 321.4885 14.27243579338503
1 87934U          20155.28503883 +.00000048 +00000-0 +36326-4 0  9997
2 87934 082.9361 350.8739 0029532 244.9132 290.7984 13.72772797749790
1 87942U          20151.10486396 +.00000639 +00000-0 +77132-4 0  9998
2 87942 099.0860 013.4975 0149045 071.8013 079.7253 14.80703252420007
1 87960U          20156.29773703 -.00000375 +00000-0 -10254-2 0  9993
2 87960 067.6318 258.0308 0605845 055.0119 340.1240 12.54393414831325
1 87970U          20155.73925999 +.00010549 +00000-0 +56619-3 0  9996
2 87970 099.0418 338.4414 0041680 116.5997 243.9510 15.14433747303715
1 87972U          20155.96667922 +.00001821 +00000-0 +68799-3 0  9997
2 87972 098.8131 067.6780 0174356 149.2286 211.9256 14.24478651287259
1 87991U          20155.93929871 -.00000592 +00000-0 -13959-2 0  9992
2 87991 028.6212 040.5419 0903170 041.3707 325.1790 12.28913111274179
1 87997U          20155.90831255 +.00105994 +47001-5 +24722-2 0  9990
2 87997 063.1379 338.5850 1433218 023.6700 342.4014 12.67768982263626
1 87998U          20155.37677803 +.00000235 +00000+0 +16361-3 0  9994
2 87998  98.7800 209.4064 0027830 197.9522 162.0667 14.07778226264650
1 88028U          20155.13247299 +.00001180 +00000-0 +26972-2 0  9994
2 88028 021.0310 257.1299 7097788 196.2663 116.7793 02.44421337053405
1 88049U          20154.76230553 -.00000015 +00000+0 +18210-3 0  9993
2 88049  64.4852 342.0984 5472122  48.5460 352.0208  4.30626767102666
1 88069U          20156.29221229 +.00002508 +00000-0 +82175-3 0  9995
2 88069 022.9882 313.4220 5969706 027.1040 354.3500 04.05583696134717
1 88079U          20155.62526579 +.00008941 +00000-0 +16015-2 0  9994
2 88079 020.6709 343.1918 4777329 353.9496 001.8867 05.98184497105781
1 88096U          20155.74782377 +.00004713 +00000-0 +59971-2 0  9997
2 88096 065.0153 085.5135 5175068 144.1873 265.3279 05.13983716151464
1 88107U          20156.05496576 -.00000040 +00000-0 +11789-3 0  9994
2 88107 020.4586 127.5508 6730940 178.9575 184.0695 02.88045867049082
1 88110U          20156.26692948 +.00668432 -40500-5 +53067-2 0  9995
2 88110 023.7243 143.4173 2365241 237.8208 097.0985 10.82889256092083
1 88117U          20155.69130850 -.00000867 +00000-0 -94987-3 0  9993
2 88117 020.4438 037.1394 4901733 270.4002 035.9036 05.58264327104673
1 88173U          20156.01310042 +.00000825 +00000-0 +60275-3 0  9990
2 88173 099.1631 083.9304 0155938 227.0287 131.7712 13.93261930319691
1 88203U          20152.27732600 +.00084910 +00000-0 +42831-2 0  9990
2 88203 064.5181 224.1190 5873375 002.1412 359.6107 04.29434811062572
1 88216U          20153.86392602 +.00001109 +00000-0 +52360-2 0  9991
2 88216 021.9979 036.9525 6637415 226.7785 054.1359 02.97450140054506
1 88230U          20154.25056204 +.00001519 +00000-0 +15257-2 0  9995
2 88230 049.0087 094.7348 5532204 153.7717 250.2535 04.62806707084732
1 88241U          20155.80158743 +.00019296 +00000-0 +41378-2 0  9994
2 88241 062.5135 338.0703 4042369 152.0249 237.4444 07.22985456281807
1 88255U          20138.02732254 +.00017090 +00000-0 +88314-3 0  9991
2 88255 020.3726 010.0446 4786072 328.1549 010.2357 06.06273293111202
1 88269U          20155.36775963 +.00000023 +00000-0 +00000-0 0  9997
2 88269 062.9009 118.3227 4670983 275.1426 279.2892 05.35422066264159
1 88270U          20141.49857723 -.00000261 +00000-0 -81729-3 0  9999
2 88270 049.2552 307.4515 6502815 000.2137 359.8945 03.14187718060558
1 88271U          20152.51751785 +.00000018 +00000+0 -27614-2 0  9996
2 88271  64.1295 106.5452 5527354 258.6086 326.3563  3.90232405 93046
1 88288U          20156.12611484 +.00237179 +00000-0 +59816-2 0  9995
2 88288 020.6714 091.4156 4198100 161.6492 219.8452 07.14813439002546
1 88303U          20155.65030793 -.00000070 +00000-0 +00000-0 0  9996
2 88303 049.2224 023.7404 6057573 002.6019 359.6272 02.89056686045191
1 88313U          20156.30704396 +.00001452 +00000-0 +18518-2 0  9996
2 88313 019.9977 169.9685 6841237 103.7299 335.4581 02.78600929069651
1 88323U          20153.19345096 -.00000045 +00000-0 +00000-0 0  9992
2 88323 018.1709 149.8764 6611144 216.7638 071.1268 01.96385879037592
1 88342U          20155.47530138 +.00002052 +00000+0 +11557-2 0  9998
2 88342  20.9078 260.1946 5213784 273.1730  31.2549  5.16286718 92621
1 88355U          20155.13661901 -.00000075 +00000+0 +00000+0 0  9990
2 88355  19.8244 155.3809 6990407 109.8462 333.5509  2.24695180 40239
1 88700U          20153.12231091 +.00000165 +00000-0 +00000-0 0  9995
2 88700 071.3216 208.7404 6354355 151.5592 266.8507 02.03942858168234
1 88703U          20154.12831569 -.00000473 +00000-0 +00000-0 0  9998
2 88703 071.7220 179.0565 6028247 211.0668 092.2747 02.00850040481231
1 88710U          20156.37245442 +.00000137 +00000-0 +39433-3 0  9995
2 88710 063.4680 209.4406 5702208 249.9329 036.0950 04.16130461426595
1 88716U          20156.20235845 +.00000008 +00000-0 +15255-3 0  9992
2 88716 063.6490 136.1627 3869892 316.6808 026.2641 06.85131382391396
1 89003U          20156.53161172 +.00000011 +00000-0 +13005-4 0  9995
2 89003 074.0467 110.0994 0016962 302.6210 057.3304 14.34630990342169
1 89005U          20156.34608162 +.00000192 +00000-0 +63747-4 0  9999
2 89005 097.9202 113.8429 0224336 033.0951 328.4046 14.34158307244195
1 89029U          20155.27555560 +.00000245 +00000+0 +41269-4 0  9992
2 89029  98.2625 344.2752 0031515  20.2260 340.0190 14.78214654351947
1 89037U          20156.23254235 +.00001141 +00000-0 +70586-3 0  9993
2 89037 098.3985 160.2848 0141805 122.4381 239.0592 14.02175206238809
1 89048U          20155.75378662 +.00002114 +00000-0 +51971-3 0  9990
2 89048 098.9144 346.1960 0015934 020.6100 339.5733 14.53359780344252
1 89067U          20156.43592829 +.00001636 +00000-0 +54597-4 0  9996
2 89067 080.9882 322.8204 0612562 307.3160 047.3672 14.35600246290382
1 89074U          20155.66802187 +.00001121 +00000+0 +13933-2 0  9994
2 89074 100.2849 128.9905 0060425  62.4292 113.6184 13.66543859312819
1 89101U          20155.79037911 -.00000522 +00000-0 -14375-2 0  9992
2 89101 100.2243 153.0852 0146914 303.7162 055.0014 13.03581437300614
1 89123U          20155.13845464 +.00001238 +00000-0 +63414-3 0  9996
2 89123 099.0716 230.7578 0063632 241.4780 117.9977 14.16366394240656
1 89127U          20156.59394477 +.00002549 +00000-0 +29764-3 0  9990
2 89127 074.0731 019.7406 0043955 231.7777 127.9442 14.85050075192093
1 89132U          20156.12972177 +.00000341 +00000-0 +33339-3 0  9995
2 89132 063.3702 204.0585 3071014 317.7083 022.3270 08.71623092148103
1 89135U          20156.47814167 +.00000710 +00000-0 +37428-3 0  9993
2 89135 071.0513 234.8953 0135931 084.9010 276.7610 14.12545345336402
1 89140U          20155.34722197 -.00002237 +00000-0 -70325-3 0  9996
2 89140 098.7974 181.9373 0009180 046.5243 313.6706 14.39450598199094
1 89142U          20140.11810453 +.00101555 +00000-0 +31824-1 0  9990
2 89142 065.1574 087.3185 3428029 328.5623 014.8776 08.27791169134677
1 89143U          20156.17335213 +.00022741 +00000-0 +46553-2 0  9995
2 89143 065.1111 327.3450 0644288 307.6386 046.7848 13.77355797115953
1 89146U          20155.80548165 +.00000220 +00000-0 +66222-4 0  9994
2 89146 098.1177 105.5912 0120681 149.9974 210.8207 14.47355872336038
1 89158U          20155.38540783 +.00002285 +00000-0 +27890-3 0  9998
2 89158 098.8415 129.7205 0095121 215.4159 144.0710 14.81366941191202
1 89161U          20155.56955975 +.00000625 +00000+0 +96420-4 0  9996
2 89161  97.8161 204.6450 0134483 216.6289 142.5668 14.71035347249087
1 89171U          20156.10768375 +.00003084 +00000-0 +31614-3 0  9990
2 89171 099.0144 272.0108 0062696 287.7081 071.7295 14.89964810252917
1 89172U 81053    20155.66815588 +.00000333 +00000-0 +75601-4 0  9996
2 89172 082.0785 236.7798 0424371 123.0645 241.2036 14.09331115493016
1 89177U          20155.71476549 +.00000034 +00000-0 +20320-4 0  9996
2 89177 082.9195 324.7628 0032381 357.8861 002.2152 13.73376782785947
1 89183U          20156.03182709 +.00000190 +00000-0 +21229-3 0  9992
2 89183 099.1622 094.3918 0134727 112.9674 248.5757 13.78940780846630
1 89184U          20156.31460080 +.00000942 +00000-0 +32505-3 0  9999
2 89184 098.5042 349.4179 0020320 145.8854 214.3644 14.38034414200007
1 89195U          20154.38325886 +.00000488 +00000-0 +23435-3 0  9997
2 89195 098.8242 210.2858 0028877 340.9203 019.0891 14.23260549239666
1 89206U          20155.99957484 +.00001055 +00000-0 +47635-3 0  9992
2 89206 098.7475 174.2130 0026970 286.9471 072.8752 14.24096339198006
1 89213U          20156.09046582 +.00000001 +00000-0 +28833-4 0  9990
2 89213 098.8415 097.9950 0232593 237.2326 120.6230 13.88969177172393
1 89218U          20155.07607761 +.00001310 +00000+0 +12589-2 0  9996
2 89218 100.3405 248.4526 0112217 153.3282 207.3699 13.79586450314857
1 89255U          20155.27698899 +.00000524 +00000-0 +72665-3 0  9990
2 89255 098.6296 184.4031 0367685 156.5662 205.2714 13.36981715225103
1 89261U          20156.36414387 +.00000093 +00000-0 +43749-4 0  9999
2 89261 098.3020 208.8144 0014792 131.0318 229.2151 14.39040090243413
1 89281U          20155.59053361 +.00001319 +00000-0 +41299-3 0  9995
2 89281 099.3333 197.8541 0017644 030.0363 128.2689 14.42492891421278
1 89285U          20156.58856721 +.00131369 +29713-5 +60251-2 0  9994
2 89285 062.9183 003.6705 2326647 063.6405 318.4338 10.70570475131470
1 89304U          20155.37589384 +.00003357 +00000-0 +43183-1 0  9992
2 89304 085.1459 209.7250 2467443 301.6435 045.5044 08.83744206258857
1 89314U          20156.19226941 +.00002283 +00000-0 +30767-2 0  9993
2 89314 019.3875 310.0677 7176823 148.6347 287.9242 02.36279360039364
1 89327U          20155.26876730 +.00000375 +00000-0 +31308-3 0  9994
2 89327 082.5355 153.1078 0017558 077.1027 283.2094 13.85931306194656
1 89341U          20155.84287734 +.00012079 +00000-0 +33060-3 0  9995
2 89341 098.1703 120.0198 0012490 121.3502 238.8964 15.37446490310508
1 89347U          20155.96400613 +.00003949 +00000-0 +82121-3 0  9995
2 89347 086.2847 145.7512 0033272 235.8702 152.8759 14.59511805202029
1 89349U          20155.88670162 +.00000095 +00000-0 +30982-3 0  9993
2 89349 090.2880 319.2909 0031445 159.5700 200.6685 12.95450014217434
1 89379U          20156.08977176 +.00001367 +00000-0 +23160-2 0  9996
2 89379 100.5018 024.1246 0052626 335.6009 024.2631 13.46938720824059
1 89381U          20156.05330422 +.00005733 +00000-0 +11593-2 0  9991
2 89381 098.7944 267.1008 0075311 276.2585 083.0039 14.59979944180461
1 89389U          20155.51706424 +.00001105 +00000+0 +17622-3 0  9996
2 89389  74.0509  76.9832 0084157 283.1202  76.0588 14.70962264244995
1 89390U          20155.44702299 +.00003380 +00000-0 +36184-3 0  9998
2 89390 098.9648 231.8101 0040665 262.1035 097.5562 14.88947806394972
1 89391U          20155.76907961 +.00001020 +00000-0 +10334-3 0  9995
2 89391 097.3981 349.4873 0206112 295.0881 062.9067 14.78687682126660
1 89395U          20156.12962825 -.00000299 +00000-0 -29154-2 0  9998
2 89395 102.4141 215.8407 0221045 319.3348 066.4558 12.01129524282475
1 89400U          20128.38636944 -.00000018 +00000-0 +00000-0 0  9997
2 89400 063.1452 194.4078 2353551 088.1703 298.4604 08.14993870237866
1 89438U          20155.34794763 +.00008124 +00000-0 +72158-3 0  9999
2 89438 086.3683 120.1403 0015303 134.9195 225.3280 14.95926609245096
1 89453U          20155.36633050 +.00001956 +00000+0 +14692-3 0  9993
2 89453  97.2773   0.2554 0153336 160.9857 199.7178 14.94752621204749
1 89460U          20155.61745273 +.00000149 +00000-0 +38446-3 0  9997
2 89460 100.3056 280.5303 0054042 056.5007 304.1265 13.34722706163627
1 89483U          20154.97276797 +.00000810 +00000+0 +99077-4 0  9992
2 89483  99.4621  70.1508 0272198  95.7440 267.4858 14.64004838200778
1 89490U          20156.22767401 +.00001047 +00000-0 +53249-3 0  9991
2 89490 098.3488 159.5244 0131745 351.8984 008.0062 14.13429388193801
1 89492U          20155.57932018 +.00000080 +00000+0 +49252-4 0  9993
2 89492  82.5307 255.8045 0025945 356.8392   3.2605 13.93374092285809
1 89493U          20152.99972860 +.00000569 +00000+0 +36432-3 0  9993
2 89493  99.1740 174.7053 0090668 292.7724  66.3883 14.05681609179342
1 89494U          20155.49745284 +.00000625 +00000+0 +39698-3 0  9990
2 89494  99.1741 177.2463 0091021 285.7886  73.3259 14.05670296179550
1 89496U          20156.16834600 +.00001916 +00000-0 +26346-3 0  9999
2 89496 098.8952 140.5274 0095293 278.8151 080.2274 14.76693560180674
